KeyClarity=0,0,0,0
KeyAmbientLight=0,0,0,0
KeyDPX=0,0,0,0
KeyLiftGammaGain=0,0,0,0
KeyLUT=0,0,0,0
KeyBloomAndLensFlares=0,0,0,0
KeyVibrance=0,0,0,0
Techniques=Clarity,LiftGammaGain,AmbientLight,DPX,Vibrance,LUT,BloomAndLensFlares,Levels
KeyLevels=0,0,0,0

[Clarity.fx]
ClarityRadius=3.000000
ClarityBlendMode=5.000000
ClarityOffset=2.000000
ClarityDarkIntensity=0.400000
ClarityBlendIfDark=0.000000
ClarityBlendIfLight=225.000000
ClarityViewBlendIfMask=0.000000
ClarityStrength=0.150000
ClarityLightIntensity=0.000000
ClarityViewMask=0.000000

[Vibrance.fx]
Vibrance=0.400000
VibranceRGBBalance=1.000000,1.000000,1.000000

[AmbientLight.fx]
alDebug=0.000000
alAdaptBaseMult=1.000000
alInt=7.000000
AL_DirtTex=-1.000000
alThreshold=15.000000
AL_Adaptation=-1.000000
alAdapt=0.700000
AL_Dirt=-1.000000
alAdaptBaseBlackLvL=1.000000
alLensThresh=0.000000
AL_Vibrance=-1.000000
AL_Adaptive=2.000000
alDirtInt=0.425000
alDirtOVInt=0.325000
alLensInt=0.000000
AL_Lens=0.000000

[Bloom.fx]
bGodrayEnable=0.000000
iBloomMixmode=1.000000
fBloomSaturation=1.250000
bAnamFlareEnable=0.000000
fBloomThreshold=0.350000
fBloomAmount=0.050000
fLensdirtSaturation=2.000000
fBloomTint=0.700000,0.800000,1.000000
fLensdirtIntensity=0.400000
bLensdirtEnable=0.000000
fFlareLuminance=0.095000
iLensdirtMixmode=1.000000
fLensdirtTint=1.000000,1.000000,1.000000
bLenzEnable=0.000000
fAnamFlareThreshold=0.900000
fAnamFlareWideness=2.400000
fAnamFlareAmount=14.500000
fAnamFlareCurve=1.200000
fAnamFlareColor=0.012000,0.313000,0.588000
fLenzIntensity=1.000000
fLenzThreshold=0.800000
bChapFlareEnable=0.000000
fChapFlareTreshold=0.900000
iChapFlareCount=15.000000
fChapFlareDispersal=0.250000
fChapFlareSize=0.450000
fFlareIntensity=2.070000
fChapFlareCA=0.000000,0.010000,0.020000
fChapFlareIntensity=100.000000
fGodrayDecay=0.990000
fGodrayExposure=1.000000
fGodrayWeight=1.250000
fGodrayDensity=1.000000
fGodrayThreshold=0.900000
iGodraySamples=128.000000
fFlareBlur=200.000000
fFlareTint=0.137000,0.216000,1.000000

[DPX.fx]
RGB_Curve=8.000000,8.000000,8.000000
Strength=0.365000
RGB_C=0.382000,0.395000,0.380000
Contrast=0.035000
Saturation=2.750000
Colorfulness=2.000000

[Levels.fx]
BlackPoint=0.000000
WhitePoint=260.000000
HighlightClipping=0.000000

[LUT.fx]
fLUT_AmountChroma=0.350000
fLUT_AmountLuma=0.050000

[LiftGammaGain.fx]
RGB_Lift=1.025000,1.015000,1.005000
RGB_Gamma=0.850000,0.850000,0.850000
RGB_Gain=0.970000,0.950000,0.970000

